name,eno
